# Created by Octave 4.4.1, Tue May 05 11:25:36 2020 GMT <unknown@DESKTOP-3KBDG4T>
# name: stdgcorr
# type: matrix
# rows: 4
# columns: 5
 0 0 0 0 0
 0.20338011802576611 0.19789428264924819 0.17225019266493977 0.14421406176201856 0.12179238481579556
 0.18578809457073728 0.14653200068686306 0.12042825705412052 0.10103592419174454 0.086338991799658441
 0.16152849767495203 0.11744850752076431 0.092019513777005749 0.077645943795781672 0.067121650578211747


